           0   5266.8499999999985     
           1   1013.1962422812505     
           2   985.90244229687460     
           3   959.51903815624996     
           4   934.01897479687534     
           5   909.37570853124987     
           6   885.56320704687550     
           7   862.55594940625042     
           8   840.32892604687481     
           9   818.85763878125010     
          10   798.11810079687507     
          11   778.08683665625006     
          12   758.74088229687516     
          13   740.05778503125009     
          14   722.01560354687501     
          15   704.59290790625016     
          16   687.76877954687484     
          17   671.52281128124991     
          18   655.83510729687487     
          19   640.68628315625028     
          20   626.05746579687502     
          21   611.93029353125030     
          22   598.28691604687492     
          23   585.10999440625005     
          24   572.38270104687513     
          25   560.08871978125001     
          26   548.21224579687498     
          27   536.73798565624975     
          28   525.65115729687511     
          29   514.93749003125026     
          30   504.58322454687504     
          31   494.57511290625001     
          32   484.90041854687513     
          33   475.54691628125005     
          34   466.50289229687485     
          35   457.75714415624992     
          36   449.29898079687507     
          37   441.11822253124990     
          38   433.20520104687523     
          39   425.55075940625005     
          40   418.14625204687496     
          41   410.98354478125009     
          42   404.05501479687513     
          43   397.35355065624998     
          44   390.87255229687480     
          45   384.60593103124995     
          46   378.54810954687503     
          47   372.69402190624999     
          48   367.03911354687506     
          49   361.57934128125009     
          50   356.31117329687498     
          51   351.23158915625010     
          52   346.33807979687498     
          53   341.62864753125007     
          54   337.10180604687508     
          55   332.75658040625001     
          56   328.59250704687486     
          57   324.60963378124995     
          58   320.80851979687515     
          59   317.19023565625002     
          60   313.75636329687501     
          61   310.50899603125004     
          62   307.45073854687507     
          63   304.58470690625006     
          64   301.91452854687509     
          65   299.44434228125010     
          66   297.17879829687490     
          67   295.12305815624990     
          68   293.28279479687501     
          69   291.66419253124997     
          70   290.27394704687509     
          71   289.11926540625007     
          72   288.20786604687504     
          73   287.54797878125004     
          74   287.14834479687516     
          75   287.01821665624999     
          76   287.16735829687497     
          77   287.60604503125006     
          78   288.34506354687488     
          79   289.39571190624997     
          80   290.76979954687499     
          81   292.47964728124998     
          82   294.53808729687506     
          83   296.95846315625010     
          84   299.75462979687495     
          85   302.94095353124987     
          86   306.53231204687512     
          87   310.54409440625000     
          88   314.99220104687504     
          89   319.89304378125007     
          90   325.26354579687489     
          91   331.12114165624985     
          92   337.48377729687502     
          93   344.36991003125013     
          94   351.79850854687493     
          95   359.78905290624988     
          96   368.36153454687525     
          97   377.53645628125025     
          98   387.33483229687511     
          99   397.77818815625017     
         100   408.88856079687514     
