   0.00000000       17.6349983    
   2.50000004E-02   17.1195011    
   5.00000007E-02   16.6136990    
   7.50000030E-02   16.1174965    
  0.100000001       15.6307983    
  0.125000000       15.1535149    
  0.150000006       14.6855488    
  0.174999997       14.2268085    
  0.200000003       13.7771997    
  0.225000009       13.3366280    
  0.250000000       12.9049988    
  0.275000006       12.4822216    
  0.300000012       12.0681992    
  0.325000018       11.6628399    
  0.349999994       11.2660494    
  0.375000000       10.8777332    
  0.400000006       10.4977989    
  0.425000012       10.1261520    
  0.450000018       9.76269913    
  0.474999994       9.40734577    
  0.500000000       9.05999947    
  0.525000036       8.72056484    
  0.550000012       8.38894939    
  0.574999988       8.06505871    
  0.600000024       7.74879932    
  0.625000000       7.44007778    
  0.650000036       7.13879871    
  0.675000012       6.84487152    
  0.699999988       6.55819988    
  0.725000024       6.27868986    
  0.750000000       6.00624990    
  0.775000036       5.74078369    
  0.800000012       5.48219967    
  0.824999988       5.23040295    
  0.850000024       4.98529959    
  0.875000000       4.74679661    
  0.900000036       4.51479912    
  0.925000012       4.28921509    
  0.949999988       4.06995010    
  0.975000024       3.85690856    
   1.00000000       3.64999962    
   1.02499998       3.44912791    
   1.05000007       3.25419927    
   1.07500005       3.06512117    
   1.10000002       2.88179922    
   1.12500000       2.70414042    
   1.14999998       2.53204966    
   1.17500007       2.36543345    
   1.20000005       2.20419955    
   1.22500002       2.04825258    
   1.25000000       1.89749956    
   1.27499998       1.75184679    
   1.30000007       1.61119926    
   1.32500005       1.47546530    
   1.35000002       1.34454966    
   1.37500000       1.21835899    
   1.39999998       1.09680009    
   1.42500007      0.979777575    
   1.45000005      0.867199361    
   1.47500002      0.758971691    
   1.50000000      0.654999733    
   1.52499998      0.555190265    
   1.55000007      0.459449172    
   1.57500005      0.367684424    
   1.60000002      0.279799938    
   1.62500000      0.195703000    
   1.64999998      0.115299761    
   1.67500007       3.84962857E-02
   1.70000005      -3.48006934E-02
   1.72500002     -0.104684308    
   1.75000000     -0.171249986    
   1.77499998     -0.234590739    
   1.80000007     -0.294800490    
   1.82500005     -0.351972371    
   1.85000002     -0.406200737    
   1.87500000     -0.457577944    
   1.89999998     -0.506200075    
   1.92500007     -0.552159548    
   1.95000005     -0.595550299    
   1.97500002     -0.636466026    
   2.00000000     -0.675000668    
   2.02500010     -0.711246789    
   2.04999995     -0.745300055    
   2.07500005     -0.777253330    
   2.10000014     -0.807200491    
   2.12500000     -0.835234880    
   2.15000010     -0.861449778    
   2.17499995     -0.885940492    
   2.20000005     -0.908800244    
   2.22500014     -0.930122256    
   2.25000000     -0.950000286    
   2.27500010     -0.968528688    
   2.29999995     -0.985799849    
   2.32500005      -1.00190938    
   2.35000014      -1.01695037    
   2.37500000      -1.03101587    
   2.40000010      -1.04420054    
   2.42499995      -1.05659759    
   2.45000005      -1.06830001    
   2.47500014      -1.07940400    
   2.50000000      -1.09000015    
   2.52500010      -1.10018396    
   2.54999995      -1.11005008    
   2.57500005      -1.11969054    
   2.60000014      -1.12920094    
   2.62500000      -1.13867188    
   2.65000010      -1.14819908    
   2.67499995      -1.15787888    
   2.70000005      -1.16780019    
   2.72500014      -1.17805970    
   2.75000000      -1.18875027    
   2.77500010      -1.19996738    
   2.79999995      -1.21180010    
   2.82500005      -1.22434688    
   2.85000014      -1.23770070    
   2.87500000      -1.25195312    
   2.90000010      -1.26720107    
   2.92499995      -1.28353405    
   2.95000005      -1.30104935    
   2.97500014      -1.31984115    
   3.00000000      -1.34000015    
   3.02500010      -1.36162257    
   3.04999995      -1.38479996    
   3.07500005      -1.40962791    
   3.10000014      -1.43619990    
   3.12500000      -1.46460915    
   3.15000010      -1.49495101    
   3.17499995      -1.52731586    
   3.20000005      -1.56180096    
   3.22500014      -1.59849834    
   3.25000000      -1.63749886    
   3.27500010      -1.67890382    
   3.29999995      -1.72279930    
   3.32500005      -1.76928520    
   3.35000014      -1.81845045    
   3.37500000      -1.87038994    
   3.40000010      -1.92520046    
   3.42499995      -1.98297071    
   3.45000005      -2.04380131    
   3.47500014      -2.10777950    
   3.50000000      -2.17500114    
   3.52500010      -2.24555969    
   3.54999995      -2.31954908    
   3.57500005      -2.39706564    
   3.60000014      -2.47819948    
   3.62500000      -2.56304741    
   3.65000010      -2.65170145    
   3.67499995      -2.74425316    
   3.70000005      -2.84080029    
   3.72500014      -2.94143581    
   3.75000000      -3.04625130    
   3.77500010      -3.15534210    
   3.79999995      -3.26879978    
   3.82500005      -3.38672256    
   3.85000014      -3.50920010    
   3.87500000      -3.63632965    
   3.90000010      -3.76819992    
   3.92499995      -3.90491009    
   3.95000005      -4.04654980    
   3.97500014      -4.19321632    
   4.00000000      -4.34500122    
   4.02500010      -4.50199699    
   4.05000019      -4.66430283    
   4.07500029      -4.83200550    
   4.09999990      -5.00519848    
   4.12500000      -5.18398476    
   4.15000010      -5.36845016    
   4.17500019      -5.55869293    
   4.20000029      -5.75480270    
   4.22499990      -5.95687103    
   4.25000000      -6.16499901    
   4.27500010      -6.37927628    
   4.30000019      -6.59980392    
   4.32500029      -6.82666206    
   4.34999990      -7.05994987    
   4.37500000      -7.29976463    
   4.40000010      -7.54620171    
   4.42500019      -7.79934883    
   4.45000029      -8.05930519    
   4.47499990      -8.32615280    
   4.50000000      -8.60000038    
   4.52500010      -8.88093376    
   4.55000019      -9.16905212    
   4.57500029      -9.46444702    
   4.59999990      -9.76720047    
   4.62500000      -10.0774212    
   4.65000010      -10.3952007    
   4.67500019      -10.7206287    
   4.70000029      -11.0538044    
   4.72499990      -11.3948078    
   4.75000000      -11.7437496    
   4.77500010      -12.1007175    
   4.80000019      -12.4657993    
   4.82500029      -12.8391018    
   4.84999990      -13.2207012    
   4.87500000      -13.6107044    
   4.90000010      -14.0091991    
   4.92500019      -14.4162884    
   4.95000029      -14.8320560    
   4.97499990      -15.2565899    
   5.00000000      -15.6900005    
